1.7298
8.3311
4.0068
3.9314
8.4401
1.8331
7.7369
35.1281
0.3906
1.3512
0.2274
34.6051
7.3302
4.7922
31.1247
13.4368
2.9713
0.5210
0.4313
3.0162
0.4747
4.9185
1.2068
0.7874
1.9621
10.2574
1.1298
13.2236
0.1708
3.6002
33.1486
2.1837
0.7811
3.4625
0.1572
48.7156
0.1653
8.9980
44.5673
0.4771
0.3166
0.2642
0.4304
24.3858
9.3558
0.3489
6.0074
0.7240
1.9098
27.2213
22.9427
6.6993
3.4903
0.5076
0.1374
50.6024
0.1356
1.1468
12.2558
0.1712
43.4235
10.5910
2.7621
0.6213
0.9550
4.5631
0.7890
1.6586
0.7520
0.6440
5.8474
2.5043
1.7878
18.5970
1.5904
0.3064
0.1690
0.2488
2.3303
2.3869
50.0989
0.9802
0.4164
3.2027
5.2278
0.4232
4.2207
5.2383
5.0988
1.3472
9.4216
5.7661
0.2613
0.4766
37.6751
2.6222
16.0707
0.5444
32.1367
0.3151
3.6840
4.8988
8.2896
48.7156
2.3726
0.3434
0.3887
2.9654
0.6319
9.5258
52.3002
0.8245
0.1710
0.3989
27.7435
6.6061
1.7736
2.1447
0.9012
0.1658
21.3489
0.1555
7.0639
0.1454
0.7788
6.9310
4.0068
0.3260
27.8825
2.3608
1.0790
2.6778
0.2118
0.1638
3.3974
3.7136
0.4160
9.7571
0.2868
2.7621
1.7023
0.3906
16.8273
3.0587
1.1526
12.1582
0.5262
21.4774
0.4776
3.5043
37.4123
0.2655
5.7259
6.8895
0.2854
32.9503
0.8746
8.4570
0.1969
0.6357
0.5200
2.2322
12.5786
0.8138
2.7047
0.7827
31.7534
11.8224
0.1989
0.1670
0.8504
3.5609
0.4819
0.3727
0.2837
5.8357
33.4817
1.1041
3.2674
0.4164
40.6500
2.2389
0.8171
6.0678
0.4017
1.7246
3.6620
2.5987
0.3798
7.5761
12.2069
1.4594
0.3101
2.8123
12.4784
8.8110
23.1270
10.3191
2.7129
33.9877
18.1016
17.0474
2.2167
0.2274
46.9461
4.6506
13.9433
40.9356
53.9469
0.8344
0.3122
0.1416
19.6485
1.8851
6.3471
0.1446
34.1581
0.4261
2.7760
0.2376
33.9198
0.8825
3.6437
0.2739
18.3384
0.8328
17.8321
11.0452
0.1576
0.8860
6.8826
29.9641
0.3934
0.3973
50.3501
0.4809
19.4141
12.8713
0.3606
27.2758
0.1967
1.1829
28.5598
28.5598
16.4941
3.3201
43.4235
14.6729
14.8649
2.2078
25.7903
9.2442
14.4111
1.7212
26.6024
6.8826
15.0744
8.6972
1.3938
24.9531
0.2007
0.2498
13.6946
0.5839
1.0429
12.6417
2.9506
0.5278
4.2376
11.1898
0.2637
6.1595
0.2424
0.1379
4.5860
42.0139
4.8163
5.1862
11.3022
1.3113
0.2097
7.5913
0.3157
31.7534
0.3403
0.1540
5.6973
53.8930
14.0694
0.2068
24.6309
20.8635
0.3817
8.7934
0.3173
4.1829
2.8950
6.9240
16.3136
0.2247
2.0178
31.8170
14.5414
3.6147
46.1086
1.7367
3.9590
4.0674
0.1650
0.8195
0.1390
0.3639
0.1620
0.3243
0.2116
0.4074
0.5247
12.6670
0.4025
54.5436
19.3559
0.2582
29.6659
0.1924
16.7769
0.1724
5.9536
0.8896
12.5410
2.5294
2.1001
0.4635
1.4740
0.5599
17.6194
1.7718
7.1850
1.2776
53.2501
8.7670
11.0011
0.1928
33.5152
18.7276
0.6577
52.4049
0.1397
2.5498
17.3051
0.5910
3.6255
6.1349
1.6048
1.9699
12.4162
0.4931
3.5680
1.9251
4.6136
1.1665
35.9813
0.1775
5.6803
1.3826
0.7342
1.8331
18.1016
0.1375
24.6062
25.1033
12.6670
4.9580
35.8019
7.7757
1.7006
0.6132
10.6122
2.4993
16.4282
3.3636
15.5180
1.0909
0.5379
0.4561
22.5785
49.3531
2.3655
2.1001
1.7402
0.1999
18.1016
1.6307
0.3727
1.8833
16.6598
2.8777
36.3066
7.8538
2.9241
16.3626
3.6147
0.9646
2.1149
3.3703
0.1374
37.7883
21.7149
10.7725
2.4596
6.5339
0.9446
0.6998
52.7203
3.7547
3.3535
31.0004
4.8259
0.1453
1.1924
0.2187
0.3051
0.3953
2.6353
0.8411
7.8303
1.1445
25.4318
5.2070
0.1646
1.3621
1.5605
6.2526
13.8046
34.6743
0.5488
14.0132
24.0227
0.2183
3.9314
1.0822
10.5487
39.0171
7.9566
14.4834
3.8152
0.4892
8.2235
0.3372
0.7468
0.1798
0.7749
1.6854
0.7468
15.1046
14.8946
43.2069
0.4502
6.9379
5.8591
0.5477
0.2461
0.2384
36.0173
25.1033
0.1514
0.3620
9.1614
26.8697
0.5845
0.6597
0.7581
0.1606
0.4719
44.5673
17.1844
13.3031
0.5678
3.6803
47.1814
3.1362
4.8891
0.6697
0.1377
38.3978
0.2634
15.1500
43.2069
0.8763
2.7374
4.6413
3.5502
4.9779
8.1743
2.3420
2.2887
9.1431
8.9084
0.3840
6.4045
38.4747
2.6618
51.0089
0.1609
13.1971
0.1468
20.4299
4.5768
0.6163
1.9601
3.9551
20.3077
0.2496
19.5700
20.6559
0.1755
38.1299
5.7316
0.1390
0.8702
0.2874
6.7802
22.8283
15.0293
1.0151
1.3924
0.8958
0.2417
0.2274
3.6147
16.2647
0.2279
0.1762
15.1955
0.2712
24.4590
16.4941
0.1443
2.0503
0.2647
2.0897
0.1485
39.7258
3.8574
30.5389
15.0293
7.1135
30.3258
2.2434
10.3916
0.4838
6.7734
1.2905
0.2877
2.6512
13.7632
2.9624
17.5490
24.6062
7.0781
1.6520
10.4228
11.9174
3.0587
2.9037
33.9538
1.3703
1.2473
36.2341
20.7594
3.4695
1.9719
32.3949
2.5244
0.1393
25.7903
0.9881
10.4228
14.3249
23.2894
1.9838
0.1805
4.1083
18.9348
0.3840
0.1995
4.7731
11.9532
36.7817
3.0587
1.5496
1.1129
0.5845
0.4809
25.1536
17.8321
0.2994
0.6319
0.4074
0.1987
0.3416
10.4437
2.8950
0.2885
0.6866
4.2419
0.1363
7.1278
0.8098
14.4255
3.0404
11.8698
27.3851
0.2288
5.8533
0.1926
0.4795
0.5122
17.0134
0.3230
16.4611
0.6866
2.6565
0.1762
2.4400
1.7402
33.0163
5.3978
11.5536
0.2464
11.2684
29.1951
27.0314
0.8504
0.2194
0.4834
37.9019
0.2209
25.4572
0.5621
33.4817
1.4176
0.1738
16.7936
3.4076
7.5233
33.9877
12.0733
40.4878
15.0594
40.9765
17.3571
0.1894
2.8349
32.1689
4.8598
36.4886
19.4530
0.6832
10.9792
50.4004
0.1411
8.3478
35.4811
0.8869
13.5312
0.3144
0.8755
22.0872
0.1466
3.6364
13.5583
1.5373
6.6393
5.9299
0.1364
1.3008
3.6951
17.3224
1.3716
1.0192
13.0007
0.4365
2.0299
0.9608
0.2572
0.1807
0.9130
52.5623
0.9121
0.1836
48.5212
1.3526
11.3362
31.5635
12.6038
2.8095
0.1818
0.2021
1.6177
0.2800
7.7214
0.5712
4.5222
0.9399
25.0281
4.5631
12.8456
2.4085
1.4477
0.3230
25.8161
0.4902
1.0419
0.9598
4.9481
2.8151
1.8221
33.3814
3.8536
17.4615
45.3314
3.4281
0.4330
13.3832
2.8179
0.1421
0.9792
5.3817
0.2125
11.7048
11.1340
12.1217
49.4025
0.9231
0.2967
22.6690
31.1247
28.1909
1.0000
1.1735
0.1668
0.4728
6.0436
1.8258
4.7683
0.5483
54.0009
0.1591
0.3352
3.8114
29.2243
0.3957
0.3403
0.3296
0.1379
7.0851
0.3461
0.9990
0.9930
0.5434
0.2142
0.2027
0.1717
0.1940
1.3826
0.3764
46.2009
1.1208
0.2764
0.8462
9.7182
0.4843
4.2081
1.5296
6.5339
0.5226
6.1966
9.1889
0.8746
21.8456
0.9130
0.4681
0.2251
2.2956
1.1400
0.2297
0.4240
2.9154
1.6955
3.1112
16.6598
2.6832
4.6599
21.1365
5.4685
0.1678
0.2072
4.6274
1.3896
0.4236
41.1819
0.3517
2.1555
3.1740
3.9789
0.2582
17.4266
0.6421
24.9282
0.2792
0.2569
0.4169
0.9656
0.6084
10.0644
8.1336
1.0325
31.5319
0.6182
12.9358
1.7968
0.1886
0.6357
0.2183
41.8880
25.7131
0.3848
0.1590
3.0988
3.9551
0.7075
2.3373
14.6143
11.2796
0.1932
1.5144
30.6000
24.9033
7.1922
19.8658
51.3672
19.4141
0.1518
0.9094
0.2163
11.2909
0.1926
1.6504
9.2720
0.8799
0.5560
0.4339
1.7437
3.7173
0.6998
1.3378
1.7507
1.9917
2.2367
0.1413
0.2052
11.6931
2.4424
22.1536
3.4349
3.4869
0.6151
2.7374
1.5904
46.4790
0.9970
2.1297
16.5271
1.5904
14.3106
37.5998
0.3289
28.9625
1.6161
22.5334
0.4672
6.6459
0.2546
6.0195
0.4525
1.3178
0.2099
8.3228
27.5775
3.4695
8.6885
0.1473
1.0565
0.3887
34.2950
38.1681
14.2535
0.3864
1.9136
0.5904
0.4677
20.0454
9.2906
0.1417
0.5839
3.4625
0.1388
2.0178
1.8386
1.6570
1.1841
9.0250
0.2017
2.2300
1.4148
0.6744
21.7149
2.1946
41.4712
15.5958
0.1983
6.6061
16.9794
1.5496
26.9774
10.6653
1.0833
7.0428
43.3367
21.7802
43.7285
0.3712
8.0045
10.5804
0.5527
34.5359
0.6717
0.5667
1.2776
12.9747
6.9448
11.1786
3.0496
10.3501
0.4566
45.3314
0.1820
0.2582
2.5935
0.1382
42.3090
3.8000
9.5927
18.7089
43.5104
6.7463
5.2018
1.2275
0.8702
5.8709
0.4902
0.9910
16.1029
28.9914
0.1922
0.2320
26.0756
1.3566
0.9714
0.6102
0.3224
0.1757
0.1778
10.3295
19.1251
0.8530
8.5763
25.7131
2.3164
0.4074
37.3376
1.7950
16.2810
6.5666
0.8755
18.4488
0.8114
33.6496
0.4152
7.4187
3.6183
2.1383
0.1917
1.5174
1.6145
0.2723
3.6988
0.7711
2.7292
37.7883
4.9481
9.2442
49.0578
6.5013
2.4868
24.4346
40.9765
0.3906
11.5075
1.7385
1.6736
7.8774
32.8188
0.7096
1.3472
0.5262
0.2398
11.4845
0.3243
1.0460
2.2189
12.3296
23.5000
3.1424
0.4872
0.6949
8.9890
13.3298
3.9630
0.4493
13.1182
0.3592
43.6411
11.7870
24.5325
1.9877
5.2804
18.4120
8.1662
1.5825
0.8344
0.3559
0.3247
0.5016
1.8664
4.5951
2.7732
4.7021
1.3744
9.4499
51.7280
22.5560
2.1340
22.2646
1.8460
10.9244
0.4033
0.3042
2.6671
11.8106
1.4362
0.9112
44.5673
1.6339
0.1969
20.0254
23.9987
10.9244
9.6023
5.1039
0.4502
0.2087
13.4234
1.0811
1.0997
0.6525
52.1957
22.5334
32.2655
1.3152
3.9001
30.5694
0.5434
0.2168
17.7254
10.5381
17.5140
52.8258
23.6887
1.2165
11.4272
0.8869
8.1989
13.2633
10.7081
16.9624
6.9171
6.6926
3.3940
1.2177
0.6263
16.0547
2.6698
0.2189
0.4520
21.7149
1.5023
0.4326
8.9621
0.8878
5.9775
0.9112
0.7068
34.1240
1.4594
0.2295
6.5864
0.4681
0.2222
4.0674
4.2123
26.6823
26.6556
0.8994
6.4883
7.4335
0.2794
1.1688
0.9112
9.9642
14.9543
5.9954
2.9300
0.7320
13.8046
13.9294
0.2911
0.5401
44.5227
27.4125
3.5431
6.9310
0.4575
26.3113
4.3319
4.9382
44.6119
0.5226
17.0816
0.2582
15.7053
1.8739
50.9579
10.9026
12.4535
8.6107
2.1107
36.5617
0.1843
20.2266
6.6725
20.3891
2.2211
0.5097
0.3887
0.7985
52.4573
0.8361
3.1867
0.1508
0.4198
0.2941
7.7214
2.0198
0.2015
0.6126
0.1827
0.1648
3.3636
32.7859
0.3144
1.3771
1.6016
0.4173
0.2750
0.5194
26.5492
4.2931
0.3482
51.4700
1.5904
24.4102
27.3304
37.1142
0.2279
0.1946
0.7726
0.3113
1.7092
25.8678
0.3468
7.5383
0.1983
28.1346
0.2789
0.2952
0.4489
0.5353
0.5112
11.1674
0.3217
1.6905
0.2817
3.8076
5.2122
0.8138
14.6143
3.6074
36.7082
53.4636
4.8356
1.5204
23.9268
2.4206
1.4711
0.1420
4.9481
8.3981
0.3269
0.1549
5.6576
1.1912
12.2681
8.2896
0.8737
35.9813
25.7388
2.8979
0.3527
0.2410
0.5927
0.8386
3.0102
1.7542
33.5488
0.2877
10.5592
12.7815
10.9026
10.0946
12.5159
0.9656
0.2814
7.7990
17.2705
3.0587
8.1907
2.2255
0.4705
28.1346
3.6219
19.6681
0.8728
0.8138
4.2503
5.6350
0.5363
2.0037
0.4257
1.9897
5.0733
1.8645
17.5315
0.2800
34.3981
10.7833
0.8462
9.4593
3.5895
0.1690
1.7489
0.8228
1.2056
3.6364
0.1673
0.5423
0.2037
14.3967
8.9174
1.0070
7.4187
0.8411
0.5163
47.8466
5.0581
16.2160
7.0287
28.5312
0.8462
22.1093
1.0398
31.7217
1.0736
0.3339
0.2313
0.6764
37.8261
1.4463
47.2759
2.4868
2.5677
2.1555
21.5204
22.8740
0.1436
37.8261
0.3230
0.3076
9.9742
30.2652
2.2887
1.3553
0.4663
12.4162
1.6888
24.8039
5.2436
0.2174
18.4304
46.6186
50.5013
0.4991
27.1126
0.9940
1.7507
0.1633
7.0639
1.2141
1.7472
8.7059
31.7217
33.1486
0.3437
17.7787
19.7667
0.5184
12.3172
0.1663
1.1782
2.2502
37.2257
28.3606
32.0405
0.4520
6.4495
0.9920
0.2054
0.8816
2.2660
39.7655
0.7528
2.0980
0.3635
0.5315
21.9112
4.7068
0.6421
2.8349
0.1488
11.7870
0.6427
49.6004
10.1757
1.6323
22.9886
3.6840
6.2589
7.3743
6.4430
54.4891
0.4326
4.3929
40.2456
0.2539
20.8635
6.7666
2.6459
45.0602
44.0797
0.1563
32.8188
0.8642
3.4453
0.3110
3.3974
1.3826
10.8157
16.1190
41.1819
16.9116
3.4799
0.4853
21.8456
0.6486
8.3228
9.1981
25.1284
0.9541
1.7683
2.9654
1.3553
5.6519
0.3393
1.4205
10.6015
52.3002
0.1760
0.7312
0.1521
0.2021
0.8445
36.9291
1.2918
30.5694
0.2103
32.4273
1.1008
23.9029
9.5735
0.8303
10.5276
0.8676
4.2334
4.2123
5.9121
0.6460
1.0101
3.8690
6.4753
18.7651
0.2101
0.2286
1.9425
0.7490
2.4013
0.5363
1.0212
3.1236
2.8979
1.1480
4.6693
25.7131
1.1041
44.5673
20.4708
1.7160
37.6375
0.4127
1.0682
9.3839
3.6038
0.2060
0.1491
0.2794
9.1248
9.2627
1.8965
0.1688
0.6570
0.3201
23.4062
1.4506
0.5406
1.1841
11.4272
9.5927
4.6927
0.2137
0.7811
0.3545
2.5780
38.3211
0.2374
21.0521
31.2807
35.9454
0.6617
30.6613
0.2717
5.2278
5.2698
7.2355
7.9566
5.8066
21.2637
1.8908
0.9851
1.0502
3.3535
6.8005
2.4843
2.0442
0.1809
14.1258
17.8857
15.2717
2.4818
1.5388
34.2950
20.3687
5.7316
1.6193
14.2963
10.0543
0.6244
11.6464
6.6194
4.3449
6.5404
13.3031
0.4160
0.6313
2.5068
34.7785
27.0855
0.9763
1.2056
0.6956
10.7833
29.8743
49.6998
0.4907
1.5920
0.2341
51.2133
0.5215
26.4168
3.3135
8.4317
23.5942
1.2361
0.8851
0.7005
0.4607
0.2320
3.2317
39.6464
11.3475
0.3657
4.7541
3.9314
1.1241
22.1758
0.2569
1.0192
15.6583
2.6353
12.9100
0.2837
0.5205
10.0442
0.3671
2.6859
0.2929
0.6357
2.5193
1.1298
0.3076
0.2174
0.1745
53.6778
2.8264
1.6242
0.9792
9.6215
2.7843
33.2482
6.9866
0.8228
0.2229
0.6084
34.0217
2.6327
0.3517
0.1601
19.8261
0.1434
3.1174
4.6880
0.4274
12.0011
0.8633
1.1595
0.5904
1.8682
5.4466
15.6270
22.1758
17.6194
35.7303
40.6907
24.6309
1.8497
1.7212
0.4418
0.3260
35.4102
0.3825
16.8273
0.7588
0.6300
0.2669
0.4728
12.2681
0.9861
0.5593
6.3344
1.4859
18.3384
0.7741
4.6927
5.7316
7.0217
0.1417
25.0031
0.3416
8.1173
10.1757
0.1389
2.6195
9.4688
41.7625
1.6803
0.3208
1.3165
7.7990
1.0986
1.2141
22.0431
0.3389
9.6794
0.3620
0.9503
33.8521
46.6653
9.8454
0.4931
5.4141
0.2679
0.1656
44.0357
13.2103
7.0146
5.6633
19.6681
4.5677
14.3106
2.9241
1.2117
14.6875
0.1403
0.2101
15.9746
1.7419
0.4986
0.5477
0.2488
4.0471
6.9866
0.1430
14.4111
1.2386
0.3825
0.3567
0.7680
0.3269
36.8922
3.9829
18.5970
0.2574
4.8744
15.0143
25.1284
0.6269
1.5574
12.8842
21.1576
0.5804
0.6900
0.6676
0.1561
1.0182
1.0377
26.2063
18.6342
5.4358
0.3738
48.7644
0.5729
19.2980
51.5215
0.1514
0.6231
0.5132
0.5672
5.0279
1.2399
0.3837
0.3668
0.6005
0.7298
13.2236
0.2348
0.4781
0.2159
2.7047
45.5131
47.9903
16.4941
0.8179
0.5874
19.0487
6.1534
4.5042
13.0007
2.1022
0.6376
51.1110
1.8776
2.6993
25.6874
2.5193
4.2931
0.2932
9.5544
18.0113
10.9026
0.3085
0.1800
42.0139
1.3689
1.3799
10.1757
3.3804
4.8744
16.2323
0.1675
5.7777
20.3077
29.0204
34.9528
0.2185
14.3967
5.6013
10.3398
3.4315
0.3067
48.7156
3.2123
6.0496
2.4085
1.5113
0.2792
0.1896
4.6599
28.0223
35.8735
1.3231
0.1583
47.7033
1.0182
2.2796
1.2056
0.1899
0.1411
0.1532
32.3949
0.2483
6.5404
12.0492
53.2501
5.9536
19.4530
14.0553
0.8694
3.6840
1.2561
1.9699
4.6739
42.3937
0.3107
0.2064
1.6686
0.9112
0.2891
0.1424
0.4681
0.2701
1.3924
0.7788
0.2360
10.4856
13.1182
2.9892
20.9262
19.4530
3.3838
12.4162
35.6946
0.5769
3.9001
49.5509
36.0894
1.9759
18.1378
0.5746
0.1898
0.4173
11.9055
6.5535
0.3240
38.8613
9.9942
3.9948
0.6486
30.3562
5.9835
2.2434
0.1502
0.2170
12.9229
0.3723
16.8104
4.4150
8.2318
9.1614
2.2389
0.7254
2.9654
2.0813
4.3973
0.2118
1.8889
2.9096
3.0926
0.6275
17.5666
6.1657
2.7511
5.4466
0.7408
9.3652
3.8768
0.1928
0.9753
18.5970
0.1526
43.1206
1.0865
0.2407
0.1714
0.3657
0.6630
30.2955
16.9794
0.1421
5.0835
0.6963
1.0833
0.2761
10.7081
35.2336
0.6145
0.3708
1.8776
19.9854
2.4449
0.8590
2.2569
0.1753
34.6051
17.5666
12.1339
3.4938
25.0532
0.2168
1.6922
40.1652
0.2434
13.5991
0.1771
0.4387
52.2479
1.2337
0.3461
16.2485
1.2956
13.0007
0.2072
10.3812
37.7505
16.4118
9.5258
0.4249
0.1585
0.3276
0.2211
2.8634
2.9565
3.6914
5.2751
2.6645
1.6888
1.1735
0.1707
0.7749
2.6725
2.1340
0.8106
6.8415
0.7558
1.0618
22.1758
1.0294
13.7632
0.1999
0.3064
0.4649
27.3031
0.6676
50.7038
18.8781
0.2854
8.8463
0.2091
0.3342
30.4474
0.3416
10.0543
1.6487
13.2500
0.9724
32.4922
0.4102
11.9891
40.9765
3.3401
0.5868
2.2773
20.0254
42.1823
18.1016
0.5538
24.3614
0.4853
0.1396
35.9813
1.5621
0.4795
18.0113
7.7060
0.4453
8.8552
16.2485
41.3884
13.6809
0.1414
23.0808
49.1561
10.5171
0.6977
16.9624
0.2663
0.4152
0.1812
23.5942
0.4431
4.4772
0.3606
10.6015
2.3350
0.2789
4.9978
13.5855
50.1992
17.9215
19.9255
33.1155
0.5132
0.2491
15.5335
41.5543
1.1653
2.5193
17.6018
0.8843
0.8985
18.3936
0.3738
0.8090
