0.059
0.031
0.03
1.394
8.885
18.693
98.556
8.32
2.293
0.287
430.315
60.966
0.722
1.033
2.521
0.374
4.83
4.187
0.074
4.987
0.807
0.508
0.467
4.286
9.078
4.231
2.347
0.951
4.658
0.569
0.865
0.928
0.196
0.096
0.013
15.275
0.17
0.019
0.048
34.951
28.31
5.209
7.062
0.369
30.255
2.6
13.182
0.994
3.962
4.318
0.332
0.71
3.074
2.902
0.054
0.18
0.82
1.336
0.226
1.237
0.363
1.3
5.657
0.072
0.045
24.265
0.129
0.761
0.294
4.097
2.808
0.039
8.223
17.587
0.198
0.559
71.715
8.434
11.919
0.039
19.562
0.041
0.039
0.577
0.295
3.046
0.151
5.744
8.851
0.034
0.744
3.984
0.954
7.658
5.239
0.467
1.016
0.386
3.025
0.192
0.275
0.158
2.605
1.284
0.391
0.079
3.378
7.806
6.333
0.045
0.147
1.394
0.397
3.211
0.042
5.73
0.456
0.04
0.397
5.189
3.001
0.314
0.749
0.284
2.652
3.845
5.418
12.793
0.701
0.339
0.326
0.086
2.799
0.284
0.725
10.497
3.364
2.059
0.249
8.313
2.406
5.224
0.492
0.827
0.444
0.078
10.529
0.15
13.655
18.788
32.624
9.084
0.345
4.687
0.651
0.036
0.09
0.428
4.23
16.335
0.563
10.799
8.109
0.123
4.458
0.126
1.035
115.682
0.039
19.045
5.838
0.078
0.089
0.081
0.517
0.212
0.087
0.151
0.098
0.229
5.592
0.08
0.034
12.721
11.009
1.053
0.073
0.037
7.609
0.11
37.998
0.166
1.145
0.127
7.938
0.044
5.857
0.05
7.193
0.995
0.737
0.035
5.729
12.79
1.28
0.045
0.035
6.357
0.194
15.164
12.929
5.162
8.906
9.778
13.4
10.859
0.542
0.478
2.348
0.268
0.308
2.137
0.161
6.478
2.588
0.32
0.039
2.902
0.047
0.374
0.26
13.274
14.487
3.221
3.15
0.32
0.184
5.334
0.375
11.458
0.275
0.866
0.096
10.689
1.176
0.242
14.924
21.821
1.096
0.14
1.277
0.179
0.324
0.081
0.957
18.065
0.074
5.66
2.971
3.821
0.699
0.288
1.61
14.511
0.248
1.296
2.892
8.101
8.003
5.616
6.315
0.372
6.376
9.38
4.062
0.384
1.32
0.471
0.664
0.31
0.339
0.449
0.663
0.488
0.751
4.163
0.457
0.442
0.675
4.285
0.527
5.062
1.431
0.524
2.532
1.914
2.812
6.914
7.263
2.444
0.87
3.01
0.979
2.656
0.61
1.295
7.796
0.377
2.407
0.648
0.305
2.441
1.49
2.209
2.204
3.875
1.331
2.538
0.19
1.339
1.333
0.905
1.099
1.261
1.563
3.445
0.27
0.422
0.42
0.298
0.338
0.185
1.063
0.365
0.421
0.273
0.251
0.226
0.588
0.273
0.416
0.421
0.21
0.425
0.383
0.34
8.894
3.784
0.838
0.465
0.572
1.188
0.448
4.677
1.18
0.653
3.419
1.674
0.655
0.983
1.707
2.82
10.685
5.873
1.665
0.223
3.526
1.983
1.136
0.945
3.28
13.143
17.727
0.463
2.207
3.583
1.396
3.132
0.704
1.928
1.72
4.611
1.388
0.839
0.683
0.339
0.602
0.64
0.472
77.845
0.315
1.421
1.927
0.755
0.64
0.283
4.571
0.692
0.312
0.739
1.18
1.001
0.3
1.432
0.345
1.043
0.859
2.051
0.755
2.309
0.676
0.338
0.745
0.314
0.74
5.528
1.885
0.573
1.877
1.389
0.923
0.544
0.82
1.075
0.268
0.842
13.741
2.745
1.816
0.298
1.138
3.188
2.975
4.31
1.018
9.142
1.539
2.255
4.555
2.931
0.358
0.532
2.38
1.286
1.656
10.293
3.764
0.975
3.406
0.375
1.564
0.61
0.508
0.44
1.037
0.681
2.247
1.541
3.091
1.156
0.467
0.474
1.387
6.59
7.921
0.475
8.353
1.292
5.446
1.454
0.651
4.496
1.114
1.621
2.971
6.696
2.8
4.949
0.868
5.019
2.564
4.403
0.586
12.212
1.463
0.762
1.501
3.354
0.802
0.53
2.872
11.499
5.652
2.469
1.625
0.768
0.693
1.033
7.06
0.686
1.739
3.712
0.985
1.008
0.667
1.277
1.541
11.803
0.58
0.614
0.614
0.626
0.589
0.877
1.026
0.471
2.073
0.6
16.045
0.873
0.67
0.256
2.934
1.124
0.582
2.835
2.42
0.531
1.846
0.985
5.06
0.922
3.627
0.437
0.844
0.672
2.705
1.788
0.543
0.588
7.472
0.708
4.499
0.736
0.533
6.217
4.079
0.907
0.973
2.908
1.268
2.062
0.223
2.329
2.218
1.164
0.706
3.734
0.466
0.889
3.783
4.477
8.014
1.201
1.564
1.502
1.264
0.208
1.141
1.94
1.743
0.202
0.521
1.738
0.64
17.568
0.658
0.597
1.681
1.711
3.089
2.049
1.142
0.799
0.306
1.975
0.337
2.612
1.551
0.349
3.457
0.655
0.742
1.974
2.937
0.553
0.547
0.525
0.445
1.767
0.218
1.172
12.269
2.192
0.337
4.287
4.771
2.299
3.945
1.334
1.305
1.305
1.309
1.304
1.155
2.681
0.435
9.709
0.025
0.86
11.682
7.764
0.222
18.717
4.392
25.171
10.979
0.034
3.13
7.218
2.001
5.057
0.935
0.131
4.26
84.792
5.697
5.205
23.216
10.985
4.871
4.53
3.833
12.327
13.132
5.221
4.338
12.773
13.757
39.741
0.586
0.493
0.147
12.712
13.662
19.622
20.969
24.302
58.656
25.36
23.531
9.21
11.639
24.302
11.724
32.797
32.552
27.725
10.577
10.58
11.092
12.688
12.69
13.209
13.218
13.743
12.137
17.278
30.05
127.356
1.321
3.849
6.076
8.107
4.661
5.038
1.96
0.081
5.755
0.037
0.245
14.428
8.202
1.505
4.258
13.199
3.145
9.253
17.537
8.405
4.374
6.262
4.06
7.26
4.721
0.266
18.489
7.384
1.717
2.178
15.379
0.249
12.123
106.458
13.284
0.108
1.638
2.657
14.626
11.185
8.207
173.452
27.605
11.288
2.588
9.5
0.294
5.876
42.685
7.669
3.406
4.383
9.655
12.491
2.337
8.574
7.23
1.934
1.027
1.091
32.854
3.643
1.43
1.736
2.238
0.319
25.088
11.038
33.974
0.128
33.796
11.576
3.116
0.134
0.151
5.841
0.343
0.694
0.787
0.852
1.131
1.39
0.034
8.095
2.473
6.454
6.761
0.034
1.509
0.1
4.488
7.782
0.604
0.038
0.04
0.426
0.183
3.571
0.045
16.579
2.212
5.738
6.715
0.081
2.488
3.205
0.137
0.035
0.232
0.19
0.072
1.21
5.082
3.013
6.805
1.399
9.075
1.886
1.215
0.544
3.566
1.982
0.369
1.859
0.706
0.302
0.708
0.103
0.044
0.021
0.31
1.832
27.017
24.921
10.458
10.43
2.135
3.964
5.03
2.294
0.148
2.46
0.884
0.939
15.532
27.064
1.972
37.219
4.37
4.909
1.714
8.48
37.745
1.267
2.513
3.108
4.41
1.673
4.255
10.504
0.597
4.873
1.385
8.484
15.918
0.223
7.651
6.28
0.614
8.553
3.651
32.324
9.2
4.369
3.676
3.164
4.638
12.92
0.724
6.161
1.899
8.707
3.298
2.397
1.218
16.095
3.242
2.65
6.808
3.143
1.901
1.433
4.857
2.964
6.828
7.721
1.823
5.537
14.726
8.04
1.686
6.294
42.867
40.113
0.172
16.636
5.161
35.693
0.168
141.363
12.757
27.836
2.095
2.803
7.704
19.418
0.086
0.221
2.785
36.357
9.587
0.037
32.357
0.163
2.942
9.808
11.63
3.715
9.879
3.777
0.086
6.591
0.012
30.468
0.376
0.555
3.762
0.471
0.713
0.298
0.343
0.345
0.301
0.231
0.564
0.374
1.062
0.407
0.412
1.887
0.537
0.338
0.346
0.481
0.71
0.662
0.303
0.576
0.533
0.367
0.604
0.341
1.109
0.409
22.024
1.39
2.245
0.318
1.518
0.061
3.06
1.938
0.143
0.139
0.278
3.74
0.54
5.729
13.455
1.845
4.357
4.543
6.355
0.072
0.32
2.472
0.574
0.457
0.948
0.035
0.405
8.789
2.219
9.045
0.571
0.294
0.507
2.74
1.975
1.709
0.498
1.084
17.32
15.799
6.793
11.632
9.37
11.729
2.987
19.589
11.471
8.485
8.655
0.264
0.129
0.031
0.333
12.664
5.849
0.149
3.316
0.116
4.472
1.459
3.216
1.82
0.012
2.02
1.042
0.223
0.302
7.066
14.807
3.146
2.363
0.034
1.194
8.589
0.032
0.265
0.256
2.654
0.033
3.766
0.68
4.135
0.203
7.256
3.047
0.329
2.524
5.127
0.284
0.536
3.038
0.527
0.105
1.859
13.483
2.119
0.754
4.446
0.132
1.034
2.929
0.191
0.627
1.377
0.31
0.925
3.29
0.413
2.481
0.406
0.235
3.054
3.721
0.797
0.473
3.449
0.957
0.143
9.662
0.348
0.34
0.494
2.192
2.05
1.376
2.623
5.876
22.234
0.07
2.052
0.774
0.237
0.194
4.22
1.18
5.434
1.908
4.63
1.462
2.355
4.421
0.095
0.097
3.456
0.922
1.035
0.313
0.093
0.513
1.695
1.005
1.067
0.761
0.67
1.467
1.108
0.891
0.468
3.15
2.604
0.497
1.075
0.314
1.276
0.775
5.262
1.529
0.884
15.348
0.012
4.276
1.492
1.117
1.129
2.157
10.233
33.422
10.527
14.13
25.174
16.166
4.559
16.678
20.111
13.21
17.643
18.014
8.045
7.973
8.223
2.656
37.524
23.475
1.361
1.047
2.175
12.452
3.083
6.519
3.998
1.223
2.3
1.388
5.212
7.832
34.476
1.732
0.627
2.897
9.37
11.498
6.669
25.653
23.417
10.046
7.179
9.277
8.206
39.685
15.379
61.301
6.384
17.044
5.792
6.232
7.732
12.453
17.501
5.765
5.517
5.629
11.15
8.195
6.071
7.551
9.197
6.586
5.941
5.13
17.287
13.074
4.605
8.073
9.547
8.813
13.756
12.042
26.477
1.441
1.633
2.999
4.671
0.49
2.491
0.62
2.116
2.98
9.13
0.441
0.466
0.614
0.91
4.406
0.691
7.189
4.341
7.016
5.302
6.508
5.444
6.378
16.388
9.666
11.554
1.627
2.88
1.361
2.502
3.379
1.153
6.34
5.047
4.089
2.735
3.198
0.692
0.406
2.667
1.032
2.019
0.492
1.22
1.914
1.572
2.854
8.994
10.883
1.179
67.22
1.968
61.495
13.368
0.211
0.616
5.266
1.544
0.12
0.093
3.269
0.586
2.104
0.145
0.285
0.114
0.035
0.035
0.446
0.143
0.811
0.181
0.109
0.387
1.899
0.11
0.431
0.245
0.116
0.743
0.507
0.795
0.109
0.281
0.256
4.524
0.503
0.49
0.403
0.287
1.38
0.292
0.82
0.115
0.325
0.146
0.106
1.752
0.107
0.529
0.999
0.173
0.497
0.109
0.209
2.541
9.142
1.396
0.182
0.107
0.425
5.003
0.108
0.226
0.316
0.35
3.226
1.971
0.251
0.987
1.489
0.363
0.701
0.216
0.15
0.143
0.273
1.085
0.186
0.071
0.301
0.113
0.469
0.148
1.023
0.265
0.283
4.082
0.116
0.929
0.072
0.308
0.29
0.274
0.171
0.63
0.22
0.34
0.277
0.266
0.294
0.253
0.175
5.586
4.992
0.343
0.731
1.714
4.184
1.291
3.603
0.916
36.838
0.492
2.868
3.221
0.184
2.065
2.805
27.508
2.11
0.292
1.222
1.185
4.555
1.799
3.334
3.741
1.18
11.361
2.988
10.34
0.58
4.844
3.189
0.781
10.976
0.913
3.796
0.52
4.959
4.652
14.012
21.825
21.189
12.229
6.733
9.785
12.18
12.844
7.181
17.083
0.484
7.735
6.7
13.805
13.914
0.443
5.807
14.13
23.606
3.298
1.103
2.529
0.544
3.082
29.03
10.784
30.906
13.407
5.481
21.225
22.575
19.709
2.598
2.762
11.754
1.297
1.166
1.06
16.78
0.395
10.157
0.4
4.202
3.348
1.396
1.279
2.15
2.166
1.256
1.941
1.319
1.703
5.44
3.886
10.562
14.63
17.072
3.919
5.03
12.977
6.777
8.059
5.077
6.938
7.229
6.623
0.875
2.865
4.64
1.252
0.913
3.374
9.072
9.498
11.378
4.679
17.653
5.177
6.061
3.868
3.856
4.516
3.867
5.677
7.916
7.435
6.174
3.418
2.436
5.89
7.212
4.721
10.366
3.789
2.472
4.222
18.558
4.227
2.289
3.787
2.706
4.058
2.509
16.187
8.692
2.663
2.921
4.637
4.265
4.131
6.587
6.811
7.492
9.239
3.3
7.858
11.355
12.411
8.728
5.84
9.593
9.252
0.444
0.996
7.338
0.821
0.846
1.218
21.579
23.535
3.454
1.267
2.802
1.479
2.832
3.271
4.469
2.957
0.95
3.634
2.212
3.319
13.35
14.129
7.295
2.799
3.484
7.204
8.492
5.293
5.877
25.477
0.337
2.381
27.643
4.853
21.991
4.555
29.263
4.745
0.699
0.715
1.433
0.572
1.146
4.48
0.766
1.45
0.732
0.796
37.406
7.689
28.205
5.556
27.704
4.89
0.799
0.596
0.763
0.795
34.276
1.667
2.435
6.9
2.281
1.64
1.635
2.31
2.165
3.585
2.391
1.425
23.733
2.281
41.147
0.8
4.141
5.127
2.097
3.374
2.391
4.142
2.148
3.924
14.84
15.351
9.802
1.159
8.299
2.302
10.304
2.367
2.055
1.993
2.114
1.98
1.904
2.702
2.228
1.668
0.603
0.796
1.855
1.059
1.856
0.272
0.236
0.029
0.265
15.247
2.355
2.216
2.807
0.681
0.973
0.985
1.731
2.231
2.786
0.753
2.12
2.985
1.41
0.982
1.975
1.872
1.232
1.844
2.417
0.722
2.565
3.732
1.94
0.19
2.743
0.612
1.848
1.707
0.262
1.932
0.268
0.202
0.4
0.3
11.718
3.91
1.154
4.281
0.703
7.212
2.624
1.889
1.819
1.835
1.75
2.494
2.72
2.928
2.212
2.283
3.73
3.83
4.076
4.299
4.334
4.317
4.978
0.585
4.326
1.844
2.299
13.166
2.526
11.761
4.286
15.264
1.471
1.067
1.053
3.356
2.192
4.001
2.635
0.872
6.66
5.771
7.894
13.671
3.446
2.611
8.566
13.846
5.971
5.529
12.438
5.092
0.33
2.562
1.122
1.829
0.662
5.22
18.624
1.073
3.323
0.457
0.721
4.962
12.894
0.706
54.852
6.34
13.446
2.927
3.347
1.818
19.026
1.092
35.671
2.834
10.869
0.454
56.919
2.526
5.355
1.736
4.049
1.488
2.451
6.982
4.07
2.041
0.307
1.777
0.928
0.734
0.664
1.092
7.829
14.79
13.855
19.211
23.814
1.206
26.592
7.243
21.634
3.66
10.981
12.378
11.414
4.899
11.686
11.767
2.796
2.356
0.729
12.389
24.626
1.024
0.916
2.856
1.775
0.777
29.634
17.96
5.963
12.328
19.376
8.679
14.921
1.1
0.942
12.939
30.164
13.172
1.932
8.413
14.352
12.011
2.537
10.054
9.425
3.137
24.965
17.046
9.444
0.836
0.898
37.473
3.111
1.442
13.165
0.958
1.39
1.022
0.974
1.691
0.78
0.643
9.177
1.108
4.814
24.468
2.729
1.208
5.813
2.622
2.015
3.602
2.505
2.505
9.215
1.013
4.854
19.42
14.843
3.058
0.96
2.508
0.718
18.331
1.476
13.81
2.889
2.535
12.703
6.383
3.404
2.853
14.606
5.411
1.767
4.565
15.321
1.733
1.908
1.282
1.278
4.16
2.696
7.147
28.784
14.818
2.498
5.618
6.679
5.593
4.396
3.349
2.254
6.63
7.445
31.993
15.444
1.644
5.094
5.008
3.142
2.045
10.07
4.146
2.924
4.169
3.259
4.331
5.03
4.716
4.159
3.358
1.662
1.41
7.276
8.379
1.248
5.904
5.966
23.212
3.39
16.133
33.322
0.588
3.629
2.472
3.542
1.495
65.175
9.627
2.371
62.442
13.261
2.189
5.306
15.211
2.292
9.639
2.736
6.425
49.877
7.514
14.811
4.988
6.694
3.113
8.317
5.644
82.185
8.645
2.645
3.377
5.97
6.684
8.017
5.775
13.208
5.742
3.395
6.555
20.022
2.483
4.886
2.789
1.779
1.552
5.626
2.07
0.592
0.528
1.978
1.978
1.978
2.395
0.529
2.395
2.395
2.395
2.395
2.145
2.139
2.187
2.102
2.182
0.585
0.571
84.135
0.634
13.98
0.443
2.204
0.513
2.163
2.117
3.812
6.153
6.366
5.535
6.314
5.011
6.642
0.463
0.539
0.532
8.478
5.83
5.988
5.974
2.516
5.819
3.123
3.139
4.684
15.561
7.232
10.727
2.215
0.59
10.192
13.847
3.48
0.521
2.001
2.001
10.953
2.001
2.388
0.552
2.388
2.418
2.388
2.418
9.768
2.298
2.571
2.568
2.621
2.772
9.663
11.912
2.136
2.139
2.205
19.822
0.641
0.559
80.714
0.652
0.586
2.222
0.656
2.19
2.107
10.604
2.135
3.812
5.531
4.386
6.105
6.344
5.037
6.724
0.485
8.863
0.561
0.554
2.066
9.277
24.196
5.156
11.614
10.514
15.964
22.828
6.685
4.787
11.281
14.427
14.1
14.987
10.062
7.899
13.667
18.357
17.144
14.939
7.745
10.914
7.411
3.95
4.886
13.997
20.269
18.04
16.656
3.106
9.987
7.762
17.686
18.364
16.266
6.409
13.962
19.383
6.307
1.32
1.378
5.904
23.647
35.6
2.248
2.217
3.287
3.267
2.07
4.651
15.902
81.987
6.995
26.639
18.231
146.232
3.909
3.073
2.212
2.852
15.363
2.36
2.158
2.358
11.031
37.929
11.948
12.515
2.856
3.033
9.781
4.281
2.878
5.697
10.313
13.121
63.772
2.135
2.336
6.688
24.694
27.303
2.167
4.086
1.968
3.345
17.639
6.828
2.607
2.106
18.464
10.523
108.656
1.112
2.588
18.764
5.698
2.208
2.072
11.069
29.392
41.234
2.65
6.299
6.691
9.872
1.97
3.246
4.955
4.744
3.821
1.152
9.246
10.597
4.384
5.105
7.462
6.631
3.002
4.658
9.682
9.247
2.183
2.241
3.708
1.212
3.965
3.077
1.704
1.047
0.631
0.662
1.618
5.969
1.229
1.291
5.216
2.065
2.246
0.805
0.786
0.773
0.852
0.785
0.888
0.947
0.783
0.841
0.744
0.917
0.816
0.809
3.99
2.518
2.789
3.692
4.806
0.77
0.815
0.476
0.511
3.262
5.023
4.938
4.083
2.323
2.332
3.516
3.593
5.15
4.776
0.359
0.356
4.865
3.596
3.66
2.56
1.334
3.584
4.853
5.221
4.724
1.555
0.769
0.639
1.143
1.198
2.798
2.266
4.736
4.961
2.91
3.102
3.771
0.8
1.373
1.054
2.463
2.529
3.159
2.446
0.843
0.894
2.576
0.856
0.768
0.794
1.839
0.961
0.843
18.492
4.304
4.055
1.169
1.198
1.82
0.546
0.605
1.616
9.209
7.928
8.83
11.461
7.422
14.348
4.67
4.113
12.47
3.608
8.708
0.849
10.851
0.884
7.171
5.344
20.55
7.141
2.498
3.247
3.289
7.774
2.475
2.723
5.812
5.03
6.235
6.45
1.984
3.231
0.981
2.641
2.641
5.862
5.037
38.625
19.334
6.578
0.857
2.722
0.93
3.41
0.698
3.256
21.334
9.932
2.463
1.659
0.75
4.108
5.111
72.454
6.645
2.479
3.124
0.834
1.373
1.241
2.41
1.227
3.458
1.351
1.391
2.442
6.291
6.55
1.441
0.184
0.196
0.258
2.216
4.786
7.795
1.666
7.482
26.401
0.432
9.479
10.422
3.805
1.838
2.783
8.797
3.22
0.581
8.535
1.449
0.823
0.829
0.458
9.867
3.833
0.528
14.758
1.128
0.322
0.416
2.471
4.997
0.716
6.379
7.833
1.631
1.537
3.162
2.018
1.752
7.719
12.044
6.318
1.442
28.881
11.855
4.487
1.873
0.551
7.478
1.441
1.031
3.487
5.262
5.436
2.187
1.266
1.023
1.214
1.004
1.225
1.015
0.57
1.051
1.043
1.025
1.035
0.735
0.563
0.565
1.161
0.695
0.715
0.797
0.543
1.468
0.545
1.16
2.803
2.436
17.667
1.362
3.013
1.665
0.976
0.919
6.401
9.583
4.24
6.814
19.153
4.3
4.938
5.918
1.876
5.524
2.497
4.955
2.795
35.613
1.257
13.766
4.236
7.414
4.108
0.66
14.427
1.611
0.441
0.631
16.587
1.361
7.009
2.395
8.294
0.521
25.544
0.465
1.571
2.124
0.669
37.725
18.619
17.869
0.769
0.764
2.772
1.121
3.934
28.321
32.002
3.547
4.96
3.56
4.401
2.893
3.894
4.126
6.559
3.653
1.093
1.059
4.633
3.32
5.556
0.389
0.307
4.438
6.843
6.718
5.519
8.452
1.871
1.959
3.12
0.654
25.175
0.849
3.656
2.685
4.206
3.045
6.844
4.376
4.048
25.028
0.778
8.494
7.084
4.773
7.037
5.065
7.945
0.065
38.141
6.71
0.532
0.358
10.973
0.915
2.227
10.791
1.693
0.065
8.058
7.051
4.078
14.599
1.611
13.245
7.373
7.266
5.808
8.869
23.918
0.854
5.363
2.968
3.065
1.157
2.906
18.873
4.816
26.099
5.869
20.256
1.015
1.06
1.403
23.937
1.313
16.483
4.121
17.932
4.2
16.581
15.41
60.069
15.218
7.72
60.779
5.798
5.647
29.895
13.626
49.405
7.451
7.864
50.182
0.864
0.862
2.652
9.971
20.294
5.559
5.53
4.96
10.806
18.066
7.411
8.783
15.465
3.179
6.51
2.942
28.182
5.921
6.583
9.824
8.968
2.429
7.499
9.912
2.42
13.579
10.306
6.877
11.538
12.075
9.274
7.556
6.673
11.764
2.273
4.062
8.114
6.052
5.436
6.846
7.615
3.813
3.898
4.818
13.522
46.408
11.717
6.523
20.399
3.125
1.456
2.862
2.074
1.016
4.256
2.1
1.315
16.641
5.136
8.357
9.473
20.6
1.454
4.333
1.831
15.787
42.734
35.997
43.903
0.384
0.895
0.326
0.813
0.383
1.04
0.442
1.013
0.486
0.935
2.712
1.811
1.877
4.332
9.934
1.756
0.731
1.926
2.628
5.595
0.854
4.859
8.167
0.435
0.998
57.956
1.498
7.944
26.789
0.555
0.36
22.353
21.634
3.468
0.927
1.258
1.145
1.129
3.141
1.182
2.278
0.996
1.857
3.381
4.188
1.879
2.858
6.404
1.75
7.929
7.807
9.824
4.101
7.549
4.435
2.138
3.648
2.958
3.524
5.4
3.576
3.305
1.676
4.999
1.695
3.541
2.234
1.559
32.189
9.564
5.319
17.256
4.392
7.103
6.026
0.99
0.682
2.851
1.043
0.757
8.749
5.922
4.522
3.452
20.57
16.129
11.073
0.702
7.531
25.097
31.604
4.171
1.201
4.058
7.921
0.691
8.419
2.011
7.821
3.156
4.072
6.233
2.906
9.696
3.604
2.907
16.833
3.527
2.938
2.482
10.929
2.566
4.454
5.124
2.488
2.817
5.264
3.669
4.414
5.049
6.28
4.685
3.826
3.58
5.965
5.12
9.034
3.162
4.375
4.447
3.511
3.608
3.075
4.953
5.075
2.857
5.939
32.157
3.711
4.375
3.79
6.191
3.503
4.986
4.516
2.165
5.161
2.236
4.802
2.169
5.058
4.503
5.8
2.754
3.869
3.428
6.061
7.769
3.722
6.723
2.083
5.535
17.812
2.743
4.116
7.607
4.053
5.489
5.563
31.882
2.517
2.73
2.965
6.216
3.838
4.334
6.773
4.711
2.366
4.678
6.123
7.626
5.941
4.939
7.159
6.119
5.587
3.946
3.721
6.662
3.915
4.334
6.909
4.905
2.731
5.927
6.841
6.11
5.634
5.271
5.419
5.874
5.22
41.554
16.558
3.57
2.565
2.427
0.023
0.023
3.3
3.128
2.42
2.979
0.023
2.874
3.065
0.023
5.196
2.15
6.107
11.589
3.926
3.89
5.194
12.559
4.731
5.125
4.546
2.26
2.251
2.938
2.135
3.502
4.962
4.092
4.112
2.96
4.43
3.281
2.552
3.559
3.184
7.114
7.686
5.87
2.897
2.987
11.283
10.237
11.67
19.947
3.714
16.792
3.282
2.65
3.937
1.104
0.75
34.819
30.917
7.626
22.022
42.019
6.204
58.534
44.97
56.987
37.549
41.311
37.959
41.321
17.622
32.697
34.657
14.169
19.149
1.717
2.934
13.479
2.351
22.689
11.779
2.446
10.066
15.641
21.695
4.925
19.547
61.929
2.356
2.703
15.909
4.06
12.727
26.79
0.358
1.84
2.121
0.358
0.881
1.318
1.604
3.22
1.362
2.288
1.037
1.01
7.297
0.981
0.748
2.023
1.05
1.047
1.001
7.635
8.842
0.869
0.718
8.464
0.322
1.045
7.311
0.77
0.632
2.364
2.962
1.555
0.34
0.505
0.727
7.796
2.786
10.537
10.497
6.597
14.282
5.834
8.458
4.268
8.826
2.204
3.413
2.973
2.136
2.185
2.039
44.687
9.571
10.241
10.151
8.635
2.181
2.796
2.573
2.133
20.825
0.608
3.338
1.783
0.631
5.822
0.628
4.637
0.436
8.385
0.923
6.788
1.655
0.555
3.239
9.327
1.771
1.926
7.026
5.692
1.3
1.337
0.206
0.617
21.042
1.53
15.719
0.524
9.389
24.121
13.099
5.389
2.353
40.035
6.692
1.916
2.659
0.933
7.777
